536200 rohith 0 1000 1000 16 10 2015 20 33 14 
536200 rohith 1000 100 900 20 10 2015 21 6 53 
536201 lok 0 1000 10000 16 10 2015 20 33 14 
536201 lok 500 100 400 27 10 2015 18 19 12 
536200 rohith 900 100 1000 29 10 2015 20 54 42 
536201 lok 400 100 500 29 10 2015 20 58 39 
536200 rohith 1000 100 900 29 10 2015 21 1 14 
536200 rohith 900 100 800 29 10 2015 21 13 34 
536200 rohith 800 100 700 29 10 2015 21 15 2 
536201 lok 500 100 600 29 10 2015 21 15 2 
536200 rohith 700 100 600 29 10 2015 21 19 31 
536200 rohith 600 500 1100 29 10 2015 21 25 24 
536200 rohith 1100 500 1600 29 10 2015 21 28 55 
536200 rohith 1600 100 1500 29 10 2015 21 32 58 
536200 ROHITH 1500 100 1400 29 10 2015 21 56 38 
536200 ROHITH 1400 100 1500 30 10 2015 7 21 37 
536200 ROHITH 1500 1000 2500 30 10 2015 7 23 50 
536201 LOK 600 100 700 30 10 2015 7 24 53 
536200 rohith 2500 100 2400 30 10 2015 14 19 10 
536200 rohith 2400 100 2500 30 10 2015 14 24 13 
536200 rohith 2500 100 2400 30 10 2015 18 57 22 
536200 rohith 2400 400 2800 1 11 2015 18 36 8 
536200 rohith 2800 120 2920 2 11 2015 8 29 16 
536202 sai 0 600 600 4 11 2015 12 42 43 
536202 sai 600 1000 1600 4 11 2015 12 43 41 
536200 rohith 2920 100 2820 4 11 2015 12 54 13 
536200 rohith 2820 1200 4020 4 11 2015 12 55 37 
536203 rahul 0 1000 1000 5 11 2015 15 9 57 
536200 rohith 4020 200 4220 5 11 2015 15 10 38 
536204 durga 0 1000 1000 5 11 2015 15 29 18 
536204 durga 1000 1000 2000 5 11 2015 15 30 33 
536204 durga 2000 200 1800 5 11 2015 15 31 33 
536200 rohith 4220 200 4420 5 11 2015 15 31 33 
536205 ranjith 0 600 600 8 11 2015 10 42 35 
536205 ranjith 600 100 500 8 11 2015 10 44 45 
536200 rohith 4420 120 4540 8 11 2015 11 2 19 
536206 ganesh 0 1000 1000 8 11 2015 18 29 39 
536200 rohith 4420 500 4920 8 11 2015 18 54 14 
536200 rohith 4920 500 4420 8 11 2015 18 55 44 
536201 lok 700 500 1200 8 11 2015 18 55 44 
536200 rohith 4420 100 4320 8 11 2015 18 56 55 
